PS C:\D\UNI\CMPT353\CMPT353_Project_Tornado> python3 .\lockdown_period_analysis.py Data
ANOVA for PRCP: F-statistic = 20.025697085435443, p-value = 1.2354006814306963e-22
Multiple Comparison of Means - Tukey HSD, FWER=0.05
====================================================
group1 group2 meandiff p-adj   lower   upper  reject
----------------------------------------------------
  2017   2018  -0.0106    0.0 -0.0145 -0.0068   True
  2017   2019  -0.0003    1.0 -0.0041  0.0035  False
  2017   2020   0.0008 0.9973 -0.0031  0.0046  False
  2017   2021  -0.0007 0.9988 -0.0045  0.0032  False
  2017   2022   0.0008 0.9952  -0.003  0.0046  False
  2017   2023  -0.0001    1.0 -0.0039  0.0038  False
  2018   2019   0.0103    0.0  0.0065  0.0141   True
  2018   2020   0.0114    0.0  0.0076  0.0152   True
  2018   2021     0.01    0.0  0.0062  0.0138   True
  2018   2022   0.0115    0.0  0.0077  0.0153   True
  2018   2023   0.0106    0.0  0.0068  0.0144   True
  2019   2020   0.0011 0.9805 -0.0027  0.0049  False
  2019   2021  -0.0003    1.0 -0.0041  0.0035  False
  2019   2022   0.0012  0.972 -0.0026   0.005  False
  2019   2023   0.0003    1.0 -0.0035  0.0041  False
  2020   2021  -0.0014 0.9315 -0.0052  0.0024  False
  2020   2022   0.0001    1.0 -0.0037  0.0039  False
  2020   2023  -0.0008 0.9958 -0.0046   0.003  False
  2021   2022   0.0015 0.9122 -0.0023  0.0053  False
  2021   2023   0.0006 0.9993 -0.0032  0.0044  False
  2022   2023  -0.0009  0.993 -0.0047  0.0029  False
----------------------------------------------------
ANOVA for SNOW: F-statistic = 4.483121595325873, p-value = 0.00016484639668505572
Multiple Comparison of Means - Tukey HSD, FWER=0.05
====================================================
group1 group2 meandiff p-adj   lower   upper  reject
----------------------------------------------------
  2017   2018   0.0128 0.9974 -0.0525   0.078  False
  2017   2019   0.0239 0.9338 -0.0414  0.0891  False
  2017   2020  -0.0003    1.0 -0.0656  0.0649  False
  2017   2021  -0.0199 0.9728 -0.0851  0.0454  False
  2017   2022    -0.05 0.2633 -0.1153  0.0153  False
  2017   2023   -0.066 0.0452 -0.1313 -0.0008   True
  2018   2019   0.0111 0.9988 -0.0541  0.0764  False
  2018   2020  -0.0131 0.9971 -0.0783  0.0522  False
  2018   2021  -0.0326 0.7594 -0.0979  0.0326  False
  2018   2022  -0.0628 0.0685  -0.128  0.0025  False
  2018   2023  -0.0788 0.0069  -0.144 -0.0135   True
  2019   2020  -0.0242 0.9296 -0.0895   0.041  False
  2019   2021  -0.0437 0.4283  -0.109  0.0215  False
  2019   2022  -0.0739 0.0149 -0.1391 -0.0086   True
  2019   2023  -0.0899  0.001 -0.1552 -0.0247   True
  2020   2021  -0.0195  0.975 -0.0848  0.0457  False
  2020   2022  -0.0497 0.2708 -0.1149  0.0156  False
  2020   2023  -0.0657 0.0472  -0.131 -0.0004   True
  2021   2022  -0.0301 0.8211 -0.0954  0.0351  False
  2021   2023  -0.0462 0.3601 -0.1114  0.0191  False
  2022   2023   -0.016 0.9911 -0.0813  0.0492  False
----------------------------------------------------
ANOVA for TAVG: F-statistic = 0.23100247229511664, p-value = 0.966632397366311
Multiple Comparison of Means - Tukey HSD, FWER=0.05
===================================================
group1 group2 meandiff p-adj   lower  upper  reject
---------------------------------------------------
  2017   2018  -0.3395    1.0 -4.2154 3.5364  False
  2017   2019  -1.3321 0.9508  -5.208 2.5439  False
  2017   2020  -0.9407 0.9916 -4.8167 2.9352  False
  2017   2021  -0.9417 0.9916 -4.8176 2.9342  False
  2017   2022   -0.458 0.9999 -4.3339  3.418  False
  2017   2023  -0.5851 0.9994  -4.461 3.2908  False
  2018   2019  -0.9926 0.9889 -4.8685 2.8834  False
  2018   2020  -0.6012 0.9993 -4.4772 3.2747  False
  2018   2021  -0.6022 0.9993 -4.4781 3.2737  False
  2018   2022  -0.1185    1.0 -3.9944 3.7574  False
  2018   2023  -0.2456    1.0 -4.1215 3.6303  False
  2019   2020   0.3913 0.9999 -3.4846 4.2673  False
  2019   2021   0.3904 0.9999 -3.4856 4.2663  False
  2019   2022   0.8741 0.9944 -3.0019   4.75  False
  2019   2023    0.747 0.9976  -3.129 4.6229  False
  2020   2021   -0.001    1.0 -3.8769  3.875  False
  2020   2022   0.4827 0.9998 -3.3932 4.3587  False
  2020   2023   0.3556    1.0 -3.5203 4.2316  False
  2021   2022   0.4837 0.9998 -3.3922 4.3596  False
  2021   2023   0.3566    1.0 -3.5193 4.2325  False
  2022   2023  -0.1271    1.0  -4.003 3.7488  False
---------------------------------------------------
ANOVA for TMAX: F-statistic = 0.22658681817002216, p-value = 0.9682056341044214
Multiple Comparison of Means - Tukey HSD, FWER=0.05
===================================================
group1 group2 meandiff p-adj   lower  upper  reject
---------------------------------------------------
  2017   2018  -0.2758    1.0 -4.4888 3.9373  False
  2017   2019  -1.1898 0.9814 -5.4029 3.0232  False
  2017   2020  -1.0991 0.9877 -5.3121 3.1139  False
  2017   2021  -1.2821 0.9729 -5.4951  2.931  False
  2017   2022  -0.7619 0.9983 -4.9749 3.4512  False
  2017   2023  -0.7494 0.9985 -4.9625 3.4636  False
  2018   2019  -0.9141 0.9954 -5.1271  3.299  False
  2018   2020  -0.8233 0.9974 -5.0364 3.3897  False
  2018   2021  -1.0063 0.9923 -5.2194 3.2067  False
  2018   2022  -0.4861 0.9999 -4.6992 3.7269  False
  2018   2023  -0.4737 0.9999 -4.6867 3.7394  False
  2019   2020   0.0907    1.0 -4.1223 4.3038  False
  2019   2021  -0.0922    1.0 -4.3053 4.1208  False
  2019   2022   0.4279 0.9999 -3.7851  4.641  False
  2019   2023   0.4404 0.9999 -3.7726 4.6535  False
  2020   2021   -0.183    1.0  -4.396 4.0301  False
  2020   2022   0.3372    1.0 -3.8758 4.5502  False
  2020   2023   0.3497    1.0 -3.8634 4.5627  False
  2021   2022   0.5202 0.9998 -3.6929 4.7332  False
  2021   2023   0.5327 0.9998 -3.6804 4.7457  False
  2022   2023   0.0125    1.0 -4.2006 4.2255  False
---------------------------------------------------
ANOVA for TMIN: F-statistic = 0.27584914155581247, p-value = 0.9484400177399985
Multiple Comparison of Means - Tukey HSD, FWER=0.05
===================================================
group1 group2 meandiff p-adj   lower  upper  reject
---------------------------------------------------
  2017   2018  -0.4641 0.9998 -4.0347 3.1064  False
  2017   2019  -1.4671 0.8893 -5.0377 2.1034  False
  2017   2020  -0.7476 0.9963 -4.3181  2.823  False
  2017   2021  -0.7423 0.9964 -4.3128 2.8283  False
  2017   2022  -0.3872 0.9999 -3.9577 3.1833  False
  2017   2023  -0.6292 0.9986 -4.1997 2.9413  False
  2018   2019   -1.003 0.9819 -4.5735 2.5675  False
  2018   2020  -0.2835    1.0  -3.854 3.2871  False
  2018   2021  -0.2782    1.0 -3.8487 3.2924  False
  2018   2022   0.0769    1.0 -3.4936 3.6475  False
  2018   2023  -0.1651    1.0 -3.7356 3.4055  False
  2019   2020   0.7195  0.997  -2.851 4.2901  False
  2019   2021   0.7248 0.9968 -2.8457 4.2954  False
  2019   2022   1.0799 0.9737 -2.4906 4.6505  False
  2019   2023   0.8379  0.993 -2.7326 4.4085  False
  2020   2021   0.0053    1.0 -3.5652 3.5758  False
  2020   2022   0.3604 0.9999 -3.2102 3.9309  False
  2020   2023   0.1184    1.0 -3.4522 3.6889  False
  2021   2022   0.3551 0.9999 -3.2155 3.9256  False
  2021   2023   0.1131    1.0 -3.4575 3.6836  False
  2022   2023   -0.242    1.0 -3.8125 3.3285  False
---------------------------------------------------
ANOVA for PRCP: F-statistic = 4.186131466904317, p-value = 0.0003495662393477223
Multiple Comparison of Means - Tukey HSD, FWER=0.05
====================================================
group1 group2 meandiff p-adj   lower   upper  reject
----------------------------------------------------
  2017   2018  -0.0469 0.2659 -0.1082  0.0144  False
  2017   2019  -0.0376 0.5398 -0.0989  0.0237  False
  2017   2020  -0.0579 0.0785 -0.1192  0.0034  False
  2017   2021  -0.0859 0.0007 -0.1472 -0.0246   True
  2017   2022  -0.0555 0.1062 -0.1168  0.0058  False
  2017   2023  -0.0879 0.0005 -0.1492 -0.0266   True
  2018   2019   0.0092 0.9994 -0.0521  0.0705  False
  2018   2020   -0.011 0.9984 -0.0723  0.0502  False
  2018   2021   -0.039 0.4948 -0.1003  0.0223  False
  2018   2022  -0.0086 0.9996 -0.0699  0.0527  False
  2018   2023  -0.0411 0.4291 -0.1024  0.0202  False
  2019   2020  -0.0203  0.959 -0.0816   0.041  False
  2019   2021  -0.0482 0.2333 -0.1095  0.0131  False
  2019   2022  -0.0178 0.9784 -0.0791  0.0435  False
  2019   2023  -0.0503 0.1896 -0.1116   0.011  False
  2020   2021   -0.028 0.8296 -0.0893  0.0333  False
  2020   2022   0.0024    1.0 -0.0589  0.0637  False
  2020   2023    -0.03 0.7764 -0.0913  0.0313  False
  2021   2022   0.0304  0.766 -0.0309  0.0917  False
  2021   2023  -0.0021    1.0 -0.0634  0.0592  False
  2022   2023  -0.0325 0.7056 -0.0938  0.0288  False
----------------------------------------------------
ANOVA for SNOW: F-statistic = 1.954870687862945, p-value = 0.0690140125142044
Multiple Comparison of Means - Tukey HSD, FWER=0.05
====================================================
group1 group2 meandiff p-adj   lower   upper  reject
----------------------------------------------------
  2017   2018  -0.0165 0.9943 -0.0893  0.0563  False
  2017   2019   -0.032 0.8536 -0.1048  0.0408  False
  2017   2020  -0.0263 0.9376 -0.0991  0.0465  False
  2017   2021  -0.0729 0.0493 -0.1457 -0.0001   True
  2017   2022  -0.0509 0.3749 -0.1237  0.0219  False
  2017   2023    -0.05 0.3973 -0.1228  0.0228  False
  2018   2019  -0.0155 0.9959 -0.0883  0.0573  False
  2018   2020  -0.0098 0.9997 -0.0826   0.063  False
  2018   2021  -0.0564   0.25 -0.1292  0.0164  False
  2018   2022  -0.0344 0.8043 -0.1072  0.0384  False
  2018   2023  -0.0335 0.8232 -0.1063  0.0393  False
  2019   2020   0.0057    1.0 -0.0671  0.0785  False
  2019   2021  -0.0409 0.6428 -0.1137  0.0319  False
  2019   2022  -0.0189  0.988 -0.0917  0.0539  False
  2019   2023   -0.018 0.9907 -0.0908  0.0548  False
  2020   2021  -0.0466 0.4875 -0.1194  0.0262  False
  2020   2022  -0.0246 0.9548 -0.0974  0.0482  False
  2020   2023  -0.0237 0.9622 -0.0965  0.0491  False
  2021   2022    0.022 0.9737 -0.0508  0.0948  False
  2021   2023   0.0229 0.9679 -0.0499  0.0957  False
  2022   2023   0.0009    1.0 -0.0719  0.0737  False
----------------------------------------------------
ANOVA for TAVG: F-statistic = 2.57708217537977, p-value = 0.017331351572858908
Multiple Comparison of Means - Tukey HSD, FWER=0.05
===================================================
group1 group2 meandiff p-adj   lower  upper  reject
---------------------------------------------------
  2017   2018   0.6483 0.9922 -2.0553 3.3518  False
  2017   2019  -0.3074 0.9999 -3.0109 2.3962  False
  2017   2020  -0.5968  0.995 -3.3003 2.1068  False
  2017   2021    2.451 0.1049 -0.2526 5.1545  False
  2017   2022    0.388 0.9996 -2.3156 3.0915  False
  2017   2023   1.2438 0.8239 -1.4598 3.9473  False
  2018   2019  -0.9556 0.9438 -3.6592 1.7479  False
  2018   2020   -1.245 0.8232 -3.9486 1.4585  False
  2018   2021   1.8027 0.4353 -0.9008 4.5062  False
  2018   2022  -0.2603    1.0 -2.9638 2.4433  False
  2018   2023   0.5955  0.995  -2.108 3.2991  False
  2019   2020  -0.2894 0.9999 -2.9929 2.4142  False
  2019   2021   2.7583  0.042  0.0548 5.4619   True
  2019   2022   0.6953 0.9886 -2.0082 3.3989  False
  2019   2023   1.5512 0.6203 -1.1524 4.2547  False
  2020   2021   3.0477 0.0156  0.3442 5.7513   True
  2020   2022   0.9847 0.9353 -1.7188 3.6883  False
  2020   2023   1.8405 0.4087  -0.863 4.5441  False
  2021   2022   -2.063 0.2681 -4.7665 0.6405  False
  2021   2023  -1.2072 0.8435 -3.9107 1.4964  False
  2022   2023   0.8558  0.967 -1.8477 3.5594  False
---------------------------------------------------
ANOVA for TMAX: F-statistic = 3.7375932888174064, p-value = 0.0010720469379643155
Multiple Comparison of Means - Tukey HSD, FWER=0.05
===================================================
group1 group2 meandiff p-adj   lower  upper  reject
---------------------------------------------------
  2017   2018   1.5187 0.7995 -1.6731 4.7106  False
  2017   2019  -0.5247  0.999 -3.7165 2.6672  False
  2017   2020  -0.0695    1.0 -3.2613 3.1224  False
  2017   2021   3.5583 0.0176  0.3665 6.7501   True
  2017   2022   0.5464 0.9988 -2.6454 3.7383  False
  2017   2023   2.2774 0.3492 -0.9144 5.4692  False
  2018   2019  -2.0434 0.4872 -5.2352 1.1484  False
  2018   2020  -1.5882 0.7633 -4.7801 1.6036  False
  2018   2021   2.0396 0.4896 -1.1523 5.2314  False
  2018   2022  -0.9723 0.9727 -4.1642 2.2195  False
  2018   2023   0.7587 0.9925 -2.4332 3.9505  False
  2019   2020   0.4552 0.9996 -2.7366  3.647  False
  2019   2021    4.083 0.0031  0.8911 7.2748   True
  2019   2022   1.0711 0.9561 -2.1208 4.2629  False
  2019   2023   2.8021 0.1291 -0.3898 5.9939  False
  2020   2021   3.6278 0.0142  0.4359 6.8196   True
  2020   2022   0.6159 0.9976  -2.576 3.8077  False
  2020   2023   2.3469 0.3121  -0.845 5.5387  False
  2021   2022  -3.0119 0.0791 -6.2037   0.18  False
  2021   2023  -1.2809    0.9 -4.4727 1.9109  False
  2022   2023    1.731 0.6817 -1.4609 4.9228  False
---------------------------------------------------
ANOVA for TMIN: F-statistic = 1.4958074779528034, p-value = 0.17582462831848292
Multiple Comparison of Means - Tukey HSD, FWER=0.05
===================================================
group1 group2 meandiff p-adj   lower  upper  reject
---------------------------------------------------
  2017   2018  -0.4272 0.9989 -2.9567 2.1023  False
  2017   2019  -0.2617 0.9999 -2.7912 2.2677  False
  2017   2020  -1.4391 0.6299 -3.9685 1.0904  False
  2017   2021   1.0587 0.8802 -1.4708 3.5881  False
  2017   2022   0.0236    1.0 -2.5059  2.553  False
  2017   2023   0.0225    1.0  -2.507  2.552  False
  2018   2019   0.1655    1.0  -2.364 2.6949  False
  2018   2020  -1.0119 0.9014 -3.5413 1.5176  False
  2018   2021   1.4859  0.593 -1.0436 4.0153  False
  2018   2022   0.4508 0.9985 -2.0787 2.9802  False
  2018   2023   0.4497 0.9985 -2.0798 2.9792  False
  2019   2020  -1.1773 0.8157 -3.7068 1.3521  False
  2019   2021   1.3204 0.7198 -1.2091 3.8499  False
  2019   2022   0.2853 0.9999 -2.2442 2.8148  False
  2019   2023   0.2842 0.9999 -2.2452 2.8137  False
  2020   2021   2.4977 0.0556 -0.0317 5.0272  False
  2020   2022   1.4626 0.6114 -1.0668 3.9921  False
  2020   2023   1.4616 0.6122 -1.0679  3.991  False
  2021   2022  -1.0351 0.8912 -3.5645 1.4944  False
  2021   2023  -1.0362 0.8907 -3.5656 1.4933  False
  2022   2023  -0.0011    1.0 -2.5306 2.5284  False
---------------------------------------------------